1,1,1,10,0;0,0,0,0,0,0,0,0,0,0,/0,0,0,0,0,0,0,0,0,0,/0,0,0,0,0,0,0,0,0,0,/0,0,0,0,0,0,0,0,0,0,/0,0,0,0,0,0,0,0,0,0,/0,0,0,0,0,0,0,0,0,0,/0,0,0,0,0,0,0,0,0,0,/0,0,0,0,0,0,0,0,0,0,/0,0,0,0,0,0,0,0,0,0,/0,0,0,0,0,0,0,0,0,0,/
2,1,1,15,0;0,0,0,0,0,0,0,0,0,0,/0,0,0,0,0,0,0,0,0,0,/0,0,0,0,0,0,0,0,0,0,/0,0,0,0,0,0,0,0,0,0,/0,0,0,0,0,0,0,0,0,0,/0,0,0,0,0,0,0,0,0,0,/0,0,0,0,0,0,0,0,0,0,/0,0,0,0,0,0,0,0,0,0,/0,0,0,0,0,0,0,0,0,0,/0,0,0,0,0,0,0,0,0,0,/
3,2,2,12,0;0,0,0,0,0,0,0,0,0,0,/0,0,0,0,0,0,0,0,0,0,/0,0,0,0,0,0,0,0,0,0,/0,0,0,0,0,0,0,0,0,0,/0,0,0,0,0,0,0,0,0,0,/0,0,0,0,0,0,0,0,0,0,/0,0,0,0,0,0,0,0,0,0,/0,0,0,0,0,0,0,0,0,0,/0,0,0,0,0,0,0,0,0,0,/0,0,0,0,0,0,0,0,0,0,/
4,3,3,13,0;0,0,0,0,0,0,0,0,0,0,/0,0,0,0,0,0,0,0,0,0,/0,0,0,0,0,0,0,0,0,0,/0,0,0,0,0,0,0,0,0,0,/0,0,0,0,0,0,0,0,0,0,/0,0,0,0,0,0,0,0,0,0,/0,0,0,0,0,0,0,0,0,0,/0,0,0,0,0,0,0,0,0,0,/0,0,0,0,0,0,0,0,0,0,/0,0,0,0,0,0,0,0,0,0,/
5,3,4,10,0;0,0,0,0,0,0,0,0,0,0,/0,0,0,0,0,0,0,0,0,0,/0,0,0,0,0,0,0,0,0,0,/0,0,0,0,0,0,0,0,0,0,/0,0,0,0,0,0,0,0,0,0,/0,0,0,0,0,0,0,0,0,0,/0,0,0,0,0,0,0,0,0,0,/0,0,0,0,0,0,0,0,0,0,/0,0,0,0,0,0,0,0,0,0,/0,0,0,0,0,0,0,0,0,0,/
6,3,4,15,0;0,0,0,0,0,0,0,0,0,0,/0,0,0,0,0,0,0,0,0,0,/0,0,0,0,0,0,0,0,0,0,/0,0,0,0,0,0,0,0,0,0,/0,0,0,0,0,0,0,0,0,0,/0,0,0,0,0,0,0,0,0,0,/0,0,0,0,0,0,0,0,0,0,/0,0,0,0,0,0,0,0,0,0,/0,0,0,0,0,0,0,0,0,0,/0,0,0,0,0,0,0,0,0,0,/
7,4,5,11,0;0,0,0,0,0,0,0,0,0,0,/0,0,0,0,0,0,0,0,0,0,/0,0,0,0,0,0,0,0,0,0,/0,0,0,0,0,0,0,0,0,0,/0,0,0,0,0,0,0,0,0,0,/0,0,0,0,0,0,0,0,0,0,/0,0,0,0,0,0,0,0,0,0,/0,0,0,0,0,0,0,0,0,0,/0,0,0,0,0,0,0,0,0,0,/0,0,0,0,0,0,0,0,0,0,/
8,5,6,10,0;0,0,0,0,0,0,0,0,0,0,/0,0,0,0,0,0,0,0,0,0,/0,0,0,0,0,0,0,0,0,0,/0,0,0,0,0,0,0,0,0,0,/0,0,0,0,0,0,0,0,0,0,/0,0,0,0,0,0,0,0,0,0,/0,0,0,0,0,0,0,0,0,0,/0,0,0,0,0,0,0,0,0,0,/0,0,0,0,0,0,0,0,0,0,/0,0,0,0,0,0,0,0,0,0,/
9,6,6,13,0;0,0,0,0,0,0,0,0,0,0,/0,0,0,0,0,0,0,0,0,0,/0,0,0,0,0,0,0,0,0,0,/0,0,0,0,0,0,0,0,0,0,/0,0,0,0,0,0,0,0,0,0,/0,0,0,0,0,0,0,0,0,0,/0,0,0,0,0,0,0,0,0,0,/0,0,0,0,0,0,0,0,0,0,/0,0,0,0,0,0,0,0,0,0,/0,0,0,0,0,0,0,0,0,0,/
10,6,6,16,0;0,0,0,0,0,0,0,0,0,0,/0,0,0,0,0,0,0,0,0,0,/0,0,0,0,0,0,0,0,0,0,/0,0,0,0,0,0,0,0,0,0,/0,0,0,0,0,0,0,0,0,0,/0,0,0,0,0,0,0,0,0,0,/0,0,0,0,0,0,0,0,0,0,/0,0,0,0,0,0,0,0,0,0,/0,0,0,0,0,0,0,0,0,0,/0,0,0,0,0,0,0,0,0,0,/
